[gd_scene load_steps=6 format=3 uid="uid://qaajd8r1imqd"]

[ext_resource type="Environment" uid="uid://bvcvuov6wmmpu" path="res://Scenes/Resources/level_1_environment.tres" id="1_lryhp"]
[ext_resource type="PackedScene" uid="uid://be6bnxf3prbbd" path="res://Scenes/block.tscn" id="1_w6win"]
[ext_resource type="PackedScene" uid="uid://crpd77x6evr0n" path="res://Scenes/player.tscn" id="2_bax1r"]
[ext_resource type="PackedScene" uid="uid://x153eg5acu7m" path="res://Scenes/coin.tscn" id="5_bxyua"]
[ext_resource type="MeshLibrary" uid="uid://chg8mwvk0ubie" path="res://Scenes/Resources/world-blocks.tres" id="5_k1dj6"]

[node name="Level_1" type="Node3D"]

[node name="DirectionalLight3D" type="DirectionalLight3D" parent="."]
transform = Transform3D(1, 0, 0, 0, 0.632692, 0.774404, 0, -0.774404, 0.632692, 0, 5.23379, -3.89344)
shadow_enabled = true

[node name="WorldEnvironment" type="WorldEnvironment" parent="."]
environment = ExtResource("1_lryhp")

[node name="Falling_Blocks" type="Node3D" parent="."]
transform = Transform3D(1, 0, 0, 0, 1, 0, 0, 0, 1, -1.39418, -2.37944, -4.68214)

[node name="Block" parent="Falling_Blocks" instance=ExtResource("1_w6win")]
transform = Transform3D(0.866025, -0.5, 0, 0.5, 0.866025, 0, 0, 0, 1, 0, 3.6079, 0)

[node name="Block2" parent="Falling_Blocks" instance=ExtResource("1_w6win")]
transform = Transform3D(0.866025, -0.5, 0, 0.5, 0.866025, 0, 0, 0, 1, 0.927633, 5.4254, 0)

[node name="Block3" parent="Falling_Blocks" instance=ExtResource("1_w6win")]
transform = Transform3D(0.866025, -0.5, 0, 0.38718, 0.670615, 0.632746, -0.316373, -0.547974, 0.77436, -0.846482, 5.33457, 0.575009)

[node name="Block4" parent="Falling_Blocks" instance=ExtResource("1_w6win")]
transform = Transform3D(0.866025, -0.5, 0, 0.38718, 0.670615, 0.632746, -0.316373, -0.547974, 0.77436, 0.0811503, 6.74197, -0.575009)

[node name="Player" parent="." instance=ExtResource("2_bax1r")]
transform = Transform3D(1, 0, 0, 0, 1, 0, 0, 0, 1, 2.92851, 2.72123, 2.26292)

[node name="Coin" parent="." instance=ExtResource("5_bxyua")]
transform = Transform3D(1, 0, 0, 0, 1, 0, 0, 0, 1, 3.33954, 1, 2.06801)

[node name="GridMap" type="GridMap" parent="."]
mesh_library = ExtResource("5_k1dj6")
data = {
"cells": PackedInt32Array(-65534, 0, 3, -65534, 65533, 3, -1, 65533, 3, -1, 0, 3)
}
metadata/_editor_floor_ = Vector3(0, -1, 0)
